J1 = [    
3.8317059702 
7.0155866698 
10.1734681351 
13.3236919363 
16.4706300509 
19.6158585105 
22.7600843806 
25.9036720876 
29.0468285340 
32.1896799110 
35.3323075501 
38.4747662348 
41.6170942128 
44.7593189977 
47.9014608872 
51.0435351836 
54.1855536411 
57.3275254379 
60.4694578453 
63.6113566985 
66.7532267341 
69.8950718375 
73.0368952256 
76.1786995846 
79.3204871755 
82.4622599144 
85.6040194364 
88.7457671449 
91.8875042517 
95.0292318080 
98.1709507308 
101.3126618230 
104.4543657913 
107.5960632595 
110.7377547809 
113.8794408476 
117.0211218989 
120.1627983281 
123.3044704886 
126.4461386985
129.5878032451 
132.7294643885 
135.8711223648 
139.0127773887 
142.1544296559 
145.2960793452 
148.4377266203 
151.5793716314 
154.7210145163 
157.8626554019 
161.0042944054 
164.1459316346 
167.2875671898 
170.4292011631 
173.5708336411 
176.7124647027 
179.8540944227 
182.9957228701 
186.1373501093 
189.2789762004 
192.4206011997 
195.5622251597 
198.7038481298 
201.8454701561 
204.9870912823 
208.1287115488 
211.2703309942 
214.4119496545 
217.5535675637 
220.6951847537 
223.8368012552 
226.9784170965 
230.1200323046 
233.2616469051 
236.4032609225 
239.5448743794 
242.6864872978 
245.8280996983 
248.9697116003 
252.1113230227
255.2529339830 
258.3945444983 
261.5361545844 
264.6777642566 
267.8193735296 
270.9609824173 
274.1025909327 
277.2441990888 
280.3858068975 
283.5274143702 
286.6690215183 
289.8106283521 
292.9522348815 
296.0938411167 
299.2354470668 
302.3770527404 
305.5186581464 
308.6602632927 
311.8018681874 
314.9434728378 
318.0850772513 
321.2266814346 
324.3682853946 
327.5098891378 
330.6514926702 
333.7930959978 
336.9346991265 
340.0763020616 
343.2179048084 
346.3595073722 
349.5011097577 
352.6427119699 
355.7843140132 
358.9259158923 
362.0675176112 
365.2091191742 
368.3507205852 
371.4923218481 
374.6339229664 
377.7755239442
380.9171247846 
384.0587254911 
387.2003260668 
390.3419265151 
393.4835268389 
396.6251270412 
399.7667271248 
402.9083270927 
406.0499269472 
409.1915266912 
412.3331263272 
415.4747258576 
418.6163252847 
421.7579246109 
424.8995238385 
428.0411229696 
431.1827220064 
434.3243209507 
437.4659198047 
440.6075185704 
443.7491172494 
446.8907158436 
450.0323143550 
453.1739127852 
456.3155111358 
459.4571094085 
462.5987076049 
465.7403057266 
468.8819037749 
472.0235017515
];