J0 = [
2.4048255577 
5.5200781103 
8.6537279129 
11.7915344391 
14.9309177086 
18.0710639679 
21.2116366299 
24.3524715308 
27.4934791320 
30.6346064684 
33.7758202136 
36.9170983537 
40.0584257646 
43.1997917132 
46.3411883717 
49.4826098974 
52.6240518411 
55.7655107550 
58.9069839261 
62.0484691902 
65.1899648002 
68.3314693299 
71.4729816036 
74.6145006437 
77.7560256304 
80.8975558711 
84.0390907769 
87.1806298436 
90.3221726372 
93.4637187819 
96.6052679510 
99.7468198587 
102.8883742542 
106.0299309165 
109.1714896498 
112.3130502805 
115.4546126537 
118.5961766309 
121.7377420880 
124.8793089132
128.0208770059 
131.1624462752 
134.3040166383 
137.4455880203 
140.5871603528 
143.7287335737 
146.8703076258 
150.0118824570 
153.1534580192 
156.2950342685 
159.4366111643 
162.5781886689 
165.7197667480 
168.8613453692 
172.0029245031 
175.1445041219 
178.2860842001 
181.4276647137 
184.5692456406 
187.7108269600 
190.8524086526 
193.9939907001 
197.1355730857 
200.2771557933 
203.4187388082 
206.5603221162 
209.7019057043 
212.8434895599 
215.9850736715 
219.1266580280 
222.2682426191 
225.4098274349 
228.5514124661 
231.6929977040 
234.8345831404 
237.9761687673 
241.1177545773 
244.2593405633 
247.4009267187 
250.5425130370
253.6840995122 
256.8256861386 
259.9672729106 
263.1088598231 
266.2504468710 
269.3920340498 
272.5336213547 
275.6752087815 
278.8167963262 
281.9583839846 
285.0999717532 
288.2415596282 
291.3831476063 
294.5247356841 
297.6663238584 
300.8079121264 
303.9495004850 
307.0910889315 
310.2326774632 
313.3742660776 
316.5158547720 
319.6574435444 
322.7990323923 
325.9406213135 
329.0822103059 
332.2237993677 
335.3653884968 
338.5069776912 
341.6485669493 
344.7901562692 
347.9317456494 
351.0733350881 
354.2149245839 
357.3565141352 
360.4981037404 
363.6396933985 
366.7812831078 
369.9228728672 
373.0644626753 
376.2060525309
379.3476424328 
382.4892323800 
385.6308223712 
388.7724124055 
391.9140024818 
395.0555925990 
398.1971827563 
401.3387729527 
404.4803631872 
407.6219534590 
410.7635437673 
413.9051341111 
417.0467244898 
420.1883149024 
423.3299053483 
426.4714958268 
429.6130863371 
432.7546768784 
435.8962674503 
439.0378580519 
442.1794486827 
445.3210393420 
448.4626300292 
451.6042207439 
454.7458114852 
457.8874022529 
461.0289930463 
464.1705838648 
467.3121747080 
470.4537655754];